	pct.rtd	SCM	num.SCMs	log.rem	wet.exceedances	dry.exceedances	GM.exceedances	mass.load
1	100	BR-rev	1.00E+05	3	0.611111111	0	0	6.93546E+18
2	100	BR-rev	1.00E+05	1.5	0.833333333	0	0	2.19E+20
3	100	BR-rev	1.00E+05	2	0.833333333	0	0	6.93546E+19
4	100	BR-rev	1.00E+05	-0.25	0.888888889	0	0	1.23E+22
5	100	BR-rev	1.00E+05	0	0.888888889	0	0	6.94E+21
6	100	BR-rev	1.00E+05	0.25	0.888888889	0	0	3.90E+21
7	100	BR-rev	1.00E+05	0.5	0.888888889	0	0	2.19E+21
8	100	BR-rev	1.00E+05	0.75	0.888888889	0	0	1.23E+21
9	100	BR-rev	1.00E+05	1	0.888888889	0	0	6.94E+20
10	100	BR-rev	1.00E+05	-0.5	0.944444444	0	0	2.19E+22
11	100	BR-rev	75000	3	1	0	0	1.2844E+19
12	100	BR-rev	75000	2	1.111111111	0	0	1.28E+20
13	100	BR-rev	75000	1.5	1.222222222	0	0	4.06E+20
14	100	BR-rev	75000	-0.25	1.333333333	0	0	2.28E+22
15	100	BR-rev	75000	0	1.333333333	0	0	1.28E+22
16	100	BR-rev	75000	0.25	1.333333333	0	0	7.22E+21
17	100	BR-rev	75000	0.5	1.333333333	0	0	4.06E+21
18	100	BR-rev	75000	0.75	1.333333333	0	0	2.28E+21
19	100	BR-rev	75000	1	1.333333333	0	0	1.28E+21
20	100	BR-rev	75000	-0.5	1.388888889	0	0	4.06E+22
21	100	BR-rev	50000	3	1.722222222	0	0	2.15522E+19
22	100	BR-rev	50000	2	2	0	0	2.12E+20
23	100	BR-rev	50000	1.5	2.166666667	0	0	6.71E+20
24	100	BR-rev	50000	0	2.277777778	0	0	2.12E+22
25	100	BR-rev	50000	0.25	2.277777778	0	0	1.19E+22
26	100	BR-rev	50000	0.5	2.277777778	0	0	6.70E+21
27	100	BR-rev	50000	0.75	2.277777778	0	0	3.77E+21
28	100	BR-rev	50000	1	2.277777778	0	0	2.12E+21
29	100	BR-rev	50000	-0.5	2.333333333	0	0	6.70E+22
30	100	BR-rev	50000	-0.25	2.333333333	0	0	3.77E+22
31	100	BR-rev	25000	3	4.111111111	0	0	5.04E+19
32	100	BR-rev	25000	2	4.888888889	0	0	2.98E+20
33	100	BR-rev	25000	1.5	5.5	0	0	8.92E+20
34	100	BR-rev	25000	1	5.666666667	0	0	2.77E+21
35	100	BR-rev	25000	-0.5	5.777777778	0	0	8.70E+22
36	100	BR-rev	25000	-0.25	5.777777778	0	0	4.89E+22
37	100	BR-rev	25000	0	5.777777778	0	0	2.75E+22
38	100	BR-rev	25000	0.25	5.777777778	0	0	1.55E+22
39	100	BR-rev	25000	0.5	5.777777778	0	0	8.72E+21
40	100	BR-rev	25000	0.75	5.777777778	0	0	4.91E+21
41	100	BR-rev	10000	3	8.444444444	0	0	1.67E+22
42	100	BR-rev	7500	3	10.22222222	0	0	2.13E+22
43	100	BR-rev	10000	2	11.05555556	0	0	1.69E+22
44	100	BR-rev	10000	1.5	11.66666667	0	0	1.73E+22
45	100	BR-rev	10000	1	11.94444444	0	0	1.85E+22
46	100	BR-rev	10000	0.75	12	0	0	1.99E+22
47	100	BR-rev	10000	0.25	12.05555556	0	0	2.66E+22
48	100	BR-rev	10000	0.5	12.05555556	0	0	2.23E+22
49	100	BR-rev	10000	-0.5	12.11111111	0	0	7.25E+22
50	100	BR-rev	10000	-0.25	12.11111111	0	0	4.81E+22
51	100	BR-rev	10000	0	12.11111111	0	0	3.44E+22
52	100	BR-rev	7500	2	12.94444444	0	0	2.14E+22
53	100	BR-rev	5000	3	13.27777778	0.166666667	0	2.64E+22
54	100	BR-rev	7500	1.5	13.5	0	0	2.17E+22
55	100	BR-rev	7500	1	13.77777778	0	0	2.27E+22
56	100	BR-rev	7500	0.75	13.83333333	0	0	2.39E+22
57	100	BR-rev	7500	0.25	13.88888889	0	0	2.94E+22
58	100	BR-rev	7500	0.5	13.88888889	0	0	2.59E+22
59	100	BR-rev	7500	-0.25	13.94444444	0	0	4.71E+22
60	100	BR-rev	7500	0	13.94444444	0	0	3.58E+22
61	100	BR-rev	7500	-0.5	14	0	0	6.72E+22
62	100	BR-rev	5000	2	16.11111111	0.444444444	0	2.65E+22
63	100	BR-rev	5000	1.5	16.61111111	0.444444444	0	2.67E+22
64	100	BR-rev	5000	1	16.94444444	0.5	0	2.75E+22
65	100	BR-rev	5000	0.75	17.05555556	0.722222222	0	2.83E+22
66	100	BR-rev	5000	0.5	17.16666667	0.722222222	0	2.98E+22
67	100	BR-rev	5000	-0.25	17.22222222	1.222222222	0	4.58E+22
68	100	BR-rev	5000	0	17.22222222	1	0	3.73E+22
69	100	BR-rev	5000	0.25	17.22222222	0.888888889	0	3.25E+22
70	100	BR-rev	5000	-0.5	17.27777778	1.333333333	0	6.09E+22
71	100	BR-rev	2500	3	19	3.111111111	0	3.13E+22
72	0	BR-rev	100	-0.5	19.33333333	151.1111111	0	NA
73	0	BR-rev	100	-0.25	19.33333333	151.1111111	0	NA
74	0	BR-rev	100	0	19.33333333	151.1111111	0	NA
75	0	BR-rev	100	0.25	19.33333333	151.1111111	0	NA
76	0	BR-rev	100	0.5	19.33333333	151.1111111	0	NA
77	0	BR-rev	100	0.75	19.33333333	151.1111111	0	NA
78	0	BR-rev	100	1	19.33333333	151.1111111	0	NA
79	0	BR-rev	100	1.5	19.33333333	151.1111111	0	NA
80	0	BR-rev	100	2	19.33333333	151.1111111	0	NA
81	0	BR-rev	100	3	19.33333333	151.1111111	0	NA
82	0	BR-rev	500	-0.5	19.33333333	151.1111111	0	NA
83	0	BR-rev	500	-0.25	19.33333333	151.1111111	0	NA
84	0	BR-rev	500	0	19.33333333	151.1111111	0	NA
85	0	BR-rev	500	0.25	19.33333333	151.1111111	0	NA
86	0	BR-rev	500	0.5	19.33333333	151.1111111	0	NA
87	0	BR-rev	500	0.75	19.33333333	151.1111111	0	NA
88	0	BR-rev	500	1	19.33333333	151.1111111	0	NA
89	0	BR-rev	500	1.5	19.33333333	151.1111111	0	NA
90	0	BR-rev	500	2	19.33333333	151.1111111	0	NA
91	0	BR-rev	500	3	19.33333333	151.1111111	0	NA
92	0	BR-rev	1000	-0.5	19.33333333	151.1111111	0	NA
93	0	BR-rev	1000	-0.25	19.33333333	151.1111111	0	NA
94	0	BR-rev	1000	0	19.33333333	151.1111111	0	NA
95	0	BR-rev	1000	0.25	19.33333333	151.1111111	0	NA
96	0	BR-rev	1000	0.5	19.33333333	151.1111111	0	NA
97	0	BR-rev	1000	0.75	19.33333333	151.1111111	0	NA
98	0	BR-rev	1000	1	19.33333333	151.1111111	0	NA
99	0	BR-rev	1000	1.5	19.33333333	151.1111111	0	NA
100	0	BR-rev	1000	2	19.33333333	151.1111111	0	NA
101	0	BR-rev	1000	3	19.33333333	151.1111111	0	NA
102	0	BR-rev	2500	-0.5	19.33333333	151.1111111	0	NA
103	0	BR-rev	2500	-0.25	19.33333333	151.1111111	0	NA
104	0	BR-rev	2500	0	19.33333333	151.1111111	0	NA
105	0	BR-rev	2500	0.25	19.33333333	151.1111111	0	NA
106	0	BR-rev	2500	0.5	19.33333333	151.1111111	0	NA
107	0	BR-rev	2500	0.75	19.33333333	151.1111111	0	NA
108	0	BR-rev	2500	1	19.33333333	151.1111111	0	NA
109	0	BR-rev	2500	1.5	19.33333333	151.1111111	0	NA
110	0	BR-rev	2500	2	19.33333333	151.1111111	0	NA
111	0	BR-rev	2500	3	19.33333333	151.1111111	0	NA
112	0	BR-rev	5000	-0.5	19.33333333	151.1111111	0	NA
113	0	BR-rev	5000	-0.25	19.33333333	151.1111111	0	NA
114	0	BR-rev	5000	0	19.33333333	151.1111111	0	NA
115	0	BR-rev	5000	0.25	19.33333333	151.1111111	0	NA
116	0	BR-rev	5000	0.5	19.33333333	151.1111111	0	NA
117	0	BR-rev	5000	0.75	19.33333333	151.1111111	0	NA
118	0	BR-rev	5000	1	19.33333333	151.1111111	0	NA
119	0	BR-rev	5000	1.5	19.33333333	151.1111111	0	NA
120	0	BR-rev	5000	2	19.33333333	151.1111111	0	NA
121	0	BR-rev	5000	3	19.33333333	151.1111111	0	NA
122	0	BR-rev	7500	-0.5	19.33333333	151.1111111	0	NA
123	0	BR-rev	7500	-0.25	19.33333333	151.1111111	0	NA
124	0	BR-rev	7500	0	19.33333333	151.1111111	0	NA
125	0	BR-rev	7500	0.25	19.33333333	151.1111111	0	NA
126	0	BR-rev	7500	0.5	19.33333333	151.1111111	0	NA
127	0	BR-rev	7500	0.75	19.33333333	151.1111111	0	NA
128	0	BR-rev	7500	1	19.33333333	151.1111111	0	NA
129	0	BR-rev	7500	1.5	19.33333333	151.1111111	0	NA
130	0	BR-rev	7500	2	19.33333333	151.1111111	0	NA
131	0	BR-rev	7500	3	19.33333333	151.1111111	0	NA
132	0	BR-rev	10000	-0.5	19.33333333	151.1111111	0	NA
133	0	BR-rev	10000	-0.25	19.33333333	151.1111111	0	NA
134	0	BR-rev	10000	0	19.33333333	151.1111111	0	NA
135	0	BR-rev	10000	0.25	19.33333333	151.1111111	0	NA
136	0	BR-rev	10000	0.5	19.33333333	151.1111111	0	NA
137	0	BR-rev	10000	0.75	19.33333333	151.1111111	0	NA
138	0	BR-rev	10000	1	19.33333333	151.1111111	0	NA
139	0	BR-rev	10000	1.5	19.33333333	151.1111111	0	NA
140	0	BR-rev	10000	2	19.33333333	151.1111111	0	NA
141	0	BR-rev	10000	3	19.33333333	151.1111111	0	NA
142	0	BR-rev	25000	-0.5	19.33333333	151.1111111	0	NA
143	0	BR-rev	25000	-0.25	19.33333333	151.1111111	0	NA
144	0	BR-rev	25000	0	19.33333333	151.1111111	0	NA
145	0	BR-rev	25000	0.25	19.33333333	151.1111111	0	NA
146	0	BR-rev	25000	0.5	19.33333333	151.1111111	0	NA
147	0	BR-rev	25000	0.75	19.33333333	151.1111111	0	NA
148	0	BR-rev	25000	1	19.33333333	151.1111111	0	NA
149	0	BR-rev	25000	1.5	19.33333333	151.1111111	0	NA
150	0	BR-rev	25000	2	19.33333333	151.1111111	0	NA
151	0	BR-rev	25000	3	19.33333333	151.1111111	0	NA
152	0	BR-rev	50000	-0.5	19.33333333	151.1111111	0	NA
153	0	BR-rev	50000	-0.25	19.33333333	151.1111111	0	NA
154	0	BR-rev	50000	0	19.33333333	151.1111111	0	NA
155	0	BR-rev	50000	0.25	19.33333333	151.1111111	0	NA
156	0	BR-rev	50000	0.5	19.33333333	151.1111111	0	NA
157	0	BR-rev	50000	0.75	19.33333333	151.1111111	0	NA
158	0	BR-rev	50000	1	19.33333333	151.1111111	0	NA
159	0	BR-rev	50000	1.5	19.33333333	151.1111111	0	NA
160	0	BR-rev	50000	2	19.33333333	151.1111111	0	NA
161	0	BR-rev	50000	3	19.33333333	151.1111111	0	NA
162	0	BR-rev	75000	-0.5	19.33333333	151.1111111	0	NA
163	0	BR-rev	75000	-0.25	19.33333333	151.1111111	0	NA
164	0	BR-rev	75000	0	19.33333333	151.1111111	0	NA
165	0	BR-rev	75000	0.25	19.33333333	151.1111111	0	NA
166	0	BR-rev	75000	0.5	19.33333333	151.1111111	0	NA
167	0	BR-rev	75000	0.75	19.33333333	151.1111111	0	NA
168	0	BR-rev	75000	1	19.33333333	151.1111111	0	NA
169	0	BR-rev	75000	1.5	19.33333333	151.1111111	0	NA
170	0	BR-rev	75000	2	19.33333333	151.1111111	0	NA
171	0	BR-rev	75000	3	19.33333333	151.1111111	0	NA
172	0	BR-rev	1.00E+05	-0.5	19.33333333	151.1111111	0	NA
173	0	BR-rev	1.00E+05	-0.25	19.33333333	151.1111111	0	NA
174	0	BR-rev	1.00E+05	0	19.33333333	151.1111111	0	NA
175	0	BR-rev	1.00E+05	0.25	19.33333333	151.1111111	0	NA
176	0	BR-rev	1.00E+05	0.5	19.33333333	151.1111111	0	NA
177	0	BR-rev	1.00E+05	0.75	19.33333333	151.1111111	0	NA
178	0	BR-rev	1.00E+05	1	19.33333333	151.1111111	0	NA
179	0	BR-rev	1.00E+05	1.5	19.33333333	151.1111111	0	NA
180	0	BR-rev	1.00E+05	2	19.33333333	151.1111111	0	NA
181	0	BR-rev	1.00E+05	3	19.33333333	151.1111111	0	NA
182	95	BR-rev	1.00E+05	3	19.94444444	99.27777778	938	2.06E+21
183	95	BR-rev	75000	3	20.05555556	99.27777778	938	2.06E+21
184	95	BR-rev	50000	3	20.11111111	99.16666667	938	2.07E+21
185	95	BR-rev	1.00E+05	1.5	20.11111111	99.27777778	938	2.23E+21
186	95	BR-rev	1.00E+05	2	20.11111111	99.27777778	938	2.11E+21
187	95	BR-rev	1.00E+05	-0.25	20.16666667	99.27777778	938	1.19E+22
188	95	BR-rev	1.00E+05	0	20.16666667	99.27777778	938	7.61E+21
189	95	BR-rev	1.00E+05	0.25	20.16666667	99.27777778	938	5.18E+21
190	95	BR-rev	1.00E+05	0.5	20.16666667	99.27777778	938	3.81E+21
191	95	BR-rev	1.00E+05	0.75	20.16666667	99.27777778	938	3.04E+21
192	95	BR-rev	1.00E+05	1	20.16666667	99.27777778	938	2.61E+21
193	95	BR-rev	50000	2	20.22222222	99.16666667	938	2.24E+21
194	95	BR-rev	75000	1.5	20.22222222	99.27777778	938	2.40E+21
195	95	BR-rev	75000	2	20.22222222	99.27777778	938	2.16E+21
196	95	BR-rev	1.00E+05	-0.5	20.22222222	99.27777778	938	1.96E+22
197	95	BR-rev	50000	1.5	20.27777778	99.16666667	938	2.66E+21
198	95	BR-rev	75000	-0.25	20.27777778	99.27777778	938	2.19E+22
199	95	BR-rev	75000	0	20.27777778	99.27777778	938	1.32E+22
200	95	BR-rev	75000	0.25	20.27777778	99.27777778	938	8.32E+21
201	95	BR-rev	75000	0.5	20.27777778	99.27777778	938	5.58E+21
202	95	BR-rev	75000	0.75	20.27777778	99.27777778	938	4.03E+21
203	95	BR-rev	75000	1	20.27777778	99.27777778	938	3.17E+21
204	95	BR-rev	75000	-0.5	20.33333333	99.27777778	938	3.73E+22
205	95	BR-rev	50000	-0.25	20.38888889	99.16666667	938	3.63E+22
206	95	BR-rev	50000	0	20.38888889	99.16666667	938	2.13E+22
207	95	BR-rev	50000	0.25	20.38888889	99.16666667	938	1.29E+22
208	95	BR-rev	50000	0.5	20.38888889	99.16666667	938	8.15E+21
209	95	BR-rev	50000	0.75	20.38888889	99.16666667	938	5.48E+21
210	95	BR-rev	50000	1	20.38888889	99.16666667	938	3.98E+21
211	95	BR-rev	50000	-0.5	20.44444444	99.16666667	938	6.30E+22
212	95	BR-rev	25000	3	20.66666667	99	938	2.10E+21
213	95	BR-rev	25000	2	21.22222222	99	938	2.33E+21
214	95	BR-rev	25000	1.5	21.77777778	99	938	2.88E+21
215	100	BR-rev	2500	2	21.88888889	5.5	0	3.14E+22
216	95	BR-rev	25000	1	21.88888889	99	938	4.64E+21
217	90	BR-rev	75000	3	21.88888889	111	938	4.11E+21
218	95	BR-rev	25000	-0.5	21.94444444	99	938	8.32E+22
219	95	BR-rev	25000	-0.25	21.94444444	99	938	4.77E+22
220	95	BR-rev	25000	0	21.94444444	99	938	2.77E+22
221	95	BR-rev	25000	0.25	21.94444444	99	938	1.65E+22
222	95	BR-rev	25000	0.5	21.94444444	99	938	1.02E+22
223	95	BR-rev	25000	0.75	21.94444444	99	938	6.64E+21
224	90	BR-rev	75000	1.5	22.05555556	111	938	4.40E+21
225	90	BR-rev	75000	2	22.05555556	111	938	4.20E+21
226	90	BR-rev	1.00E+05	3	22.05555556	111	938	4.11E+21
227	90	BR-rev	75000	-0.25	22.11111111	111	938	2.09E+22
228	90	BR-rev	75000	0	22.11111111	111	938	1.36E+22
229	90	BR-rev	75000	0.25	22.11111111	111	938	9.42E+21
230	90	BR-rev	75000	0.5	22.11111111	111	938	7.10E+21
231	90	BR-rev	75000	0.75	22.11111111	111	938	5.79E+21
232	90	BR-rev	75000	1	22.11111111	111	938	5.05E+21
233	90	BR-rev	75000	-0.5	22.16666667	111	938	3.40E+22
234	90	BR-rev	50000	3	22.22222222	110.9444444	938	4.12E+21
235	90	BR-rev	1.00E+05	1.5	22.22222222	111	938	4.24E+21
236	90	BR-rev	1.00E+05	2	22.22222222	111	938	4.15E+21
237	90	BR-rev	1.00E+05	-0.25	22.27777778	111	938	1.15E+22
238	90	BR-rev	1.00E+05	0	22.27777778	111	938	8.29E+21
239	90	BR-rev	1.00E+05	0.25	22.27777778	111	938	6.46E+21
240	90	BR-rev	1.00E+05	0.5	22.27777778	111	938	5.43E+21
241	90	BR-rev	1.00E+05	0.75	22.27777778	111	938	4.85E+21
242	90	BR-rev	1.00E+05	1	22.27777778	111	938	4.52E+21
243	90	BR-rev	1.00E+05	-0.5	22.33333333	111	938	1.73E+22
244	90	BR-rev	50000	2	22.38888889	110.9444444	938	4.28E+21
245	90	BR-rev	25000	3	22.44444444	110.8333333	938	4.15E+21
246	90	BR-rev	50000	1.5	22.44444444	110.9444444	938	4.65E+21
247	90	BR-rev	50000	-0.25	22.5	110.9444444	938	3.50E+22
248	90	BR-rev	50000	0	22.5	110.9444444	938	2.15E+22
249	90	BR-rev	50000	0.25	22.5	110.9444444	938	1.39E+22
250	90	BR-rev	50000	0.5	22.5	110.9444444	938	9.59E+21
251	90	BR-rev	50000	0.75	22.5	110.9444444	938	7.19E+21
252	90	BR-rev	50000	1	22.5	110.9444444	938	5.84E+21
253	90	BR-rev	50000	-0.5	22.55555556	110.9444444	938	5.90E+22
254	95	BR-rev	10000	3	22.66666667	98.83333333	938	1.71E+22
255	90	BR-rev	25000	2	22.83333333	110.8333333	938	4.36E+21
256	100	BR-rev	2500	1.5	22.88888889	7.222222222	0	3.15E+22
257	100	BR-rev	2500	1	23.27777778	8.944444444	0	3.19E+22
258	90	BR-rev	25000	1.5	23.27777778	110.8333333	938	4.87E+21
259	95	BR-rev	7500	3	23.5	98.61111111	938	2.16E+22
260	90	BR-rev	25000	1	23.5	110.8333333	938	6.50E+21
261	100	BR-rev	2500	0.5	23.55555556	11.05555556	0	3.33E+22
262	100	BR-rev	2500	0.75	23.55555556	10.11111111	0	3.24E+22
263	90	BR-rev	25000	-0.5	23.55555556	110.8333333	938	7.92E+22
264	90	BR-rev	25000	-0.25	23.55555556	110.8333333	938	4.64E+22
265	90	BR-rev	25000	0	23.55555556	110.8333333	938	2.79E+22
266	90	BR-rev	25000	0.25	23.55555556	110.8333333	938	1.75E+22
267	90	BR-rev	25000	0.5	23.55555556	110.8333333	938	1.16E+22
268	90	BR-rev	25000	0.75	23.55555556	110.8333333	938	8.35E+21
269	100	BR-rev	2500	0.25	23.61111111	12.22222222	0	3.49E+22
270	100	BR-rev	2500	0	23.72222222	13.77777778	0	3.77E+22
271	100	BR-rev	2500	-0.25	23.83333333	14.38888889	0	4.28E+22
272	100	BR-rev	2500	-0.5	23.88888889	15.38888889	0	5.17E+22
273	90	BR-rev	10000	3	23.88888889	110.6111111	938	1.74E+22
274	75	BR-rev	25000	3	24.38888889	127.4444444	939	1.03E+22
275	75	BR-rev	50000	3	24.55555556	127.6111111	939	1.03E+22
276	75	BR-rev	75000	3	24.55555556	127.6111111	939	1.03E+22
277	75	BR-rev	50000	2	24.61111111	127.6111111	939	1.04E+22
278	75	BR-rev	1.00E+05	2	24.66666667	127.6111111	939	1.03E+22
279	75	BR-rev	1.00E+05	3	24.66666667	127.6111111	939	1.03E+22
280	75	BR-rev	50000	1.5	24.72222222	127.6111111	939	1.06E+22
281	75	BR-rev	75000	1.5	24.72222222	127.6111111	939	1.04E+22
282	75	BR-rev	75000	2	24.72222222	127.6111111	939	1.03E+22
283	75	BR-rev	1.00E+05	1.5	24.72222222	127.6111111	939	1.03E+22
284	95	BR-rev	10000	2	24.77777778	98.83333333	938	1.72E+22
285	75	BR-rev	25000	2	24.77777778	127.4444444	939	1.05E+22
286	75	BR-rev	50000	-0.25	24.77777778	127.6111111	939	3.10E+22
287	75	BR-rev	50000	0	24.77777778	127.6111111	939	2.19E+22
288	75	BR-rev	50000	0.25	24.77777778	127.6111111	939	1.68E+22
289	75	BR-rev	50000	0.5	24.77777778	127.6111111	939	1.39E+22
290	75	BR-rev	50000	0.75	24.77777778	127.6111111	939	1.23E+22
291	75	BR-rev	50000	1	24.77777778	127.6111111	939	1.14E+22
292	75	BR-rev	75000	-0.25	24.77777778	127.6111111	939	1.95E+22
293	75	BR-rev	75000	0	24.77777778	127.6111111	939	1.55E+22
294	75	BR-rev	75000	0.25	24.77777778	127.6111111	939	1.32E+22
295	75	BR-rev	75000	0.5	24.77777778	127.6111111	939	1.19E+22
296	75	BR-rev	75000	0.75	24.77777778	127.6111111	939	1.12E+22
297	75	BR-rev	75000	1	24.77777778	127.6111111	939	1.08E+22
298	75	BR-rev	1.00E+05	-0.5	24.77777778	127.6111111	939	1.05E+22
299	75	BR-rev	1.00E+05	-0.25	24.77777778	127.6111111	939	1.04E+22
300	75	BR-rev	1.00E+05	0	24.77777778	127.6111111	939	1.03E+22
301	75	BR-rev	1.00E+05	0.25	24.77777778	127.6111111	939	1.03E+22
302	75	BR-rev	1.00E+05	0.5	24.77777778	127.6111111	939	1.03E+22
303	75	BR-rev	1.00E+05	0.75	24.77777778	127.6111111	939	1.03E+22
304	75	BR-rev	1.00E+05	1	24.77777778	127.6111111	939	1.03E+22
305	75	BR-rev	50000	-0.5	24.83333333	127.6111111	939	4.72E+22
306	75	BR-rev	75000	-0.5	24.83333333	127.6111111	939	2.67E+22
307	90	BR-rev	7500	3	24.88888889	110.6111111	938	2.19E+22
308	75	BR-rev	25000	1.5	24.94444444	127.4444444	939	1.08E+22
309	95	BR-rev	10000	1.5	25.11111111	98.83333333	938	1.76E+22
310	75	BR-rev	25000	1	25.11111111	127.4444444	939	1.21E+22
311	75	BR-rev	25000	0.75	25.16666667	127.4444444	939	1.35E+22
312	95	BR-rev	10000	1	25.27777778	98.83333333	938	1.88E+22
313	75	BR-rev	25000	-0.5	25.33333333	127.4444444	939	6.82E+22
314	75	BR-rev	25000	-0.25	25.33333333	127.4444444	939	4.28E+22
315	75	BR-rev	25000	0	25.33333333	127.4444444	939	2.86E+22
316	75	BR-rev	25000	0.25	25.33333333	127.4444444	939	2.06E+22
317	75	BR-rev	25000	0.5	25.33333333	127.4444444	939	1.61E+22
318	95	BR-rev	10000	0.75	25.38888889	98.83333333	938	2.01E+22
319	95	BR-rev	10000	0	25.44444444	98.83333333	938	3.44E+22
320	95	BR-rev	10000	0.25	25.44444444	98.83333333	938	2.68E+22
321	95	BR-rev	10000	0.5	25.44444444	98.83333333	938	2.25E+22
322	95	BR-rev	10000	-0.5	25.5	98.83333333	938	7.20E+22
323	95	BR-rev	10000	-0.25	25.5	98.83333333	938	4.79E+22
324	90	BR-rev	10000	2	25.55555556	110.6111111	938	1.75E+22
325	95	BR-rev	7500	2	25.66666667	98.61111111	938	2.17E+22
326	95	BR-rev	5000	3	25.72222222	98.72222222	938	2.65E+22
327	75	BR-rev	10000	3	25.83333333	127.2222222	939	1.85E+22
328	95	BR-rev	7500	1.5	26.05555556	98.61111111	938	2.20E+22
329	90	BR-rev	10000	1.5	26.16666667	110.6111111	938	1.79E+22
330	95	BR-rev	7500	1	26.22222222	98.61111111	938	2.30E+22
331	95	BR-rev	7500	0.75	26.27777778	98.61111111	938	2.41E+22
332	90	BR-rev	10000	1	26.33333333	110.6111111	938	1.91E+22
333	50	BR-rev	50000	3	26.33333333	140.5	939	2.05E+22
334	95	BR-rev	7500	-0.25	26.38888889	98.61111111	938	4.70E+22
335	95	BR-rev	7500	0	26.38888889	98.61111111	938	3.58E+22
336	95	BR-rev	7500	0.25	26.38888889	98.61111111	938	2.96E+22
337	95	BR-rev	7500	0.5	26.38888889	98.61111111	938	2.61E+22
338	90	BR-rev	10000	0.75	26.38888889	110.6111111	938	2.04E+22
339	50	BR-rev	50000	2	26.38888889	140.5	939	2.06E+22
340	95	BR-rev	7500	-0.5	26.44444444	98.61111111	938	6.67E+22
341	90	BR-rev	10000	0.5	26.44444444	110.6111111	938	2.28E+22
342	50	BR-rev	50000	1.5	26.44444444	140.5	939	2.06E+22
343	90	BR-rev	10000	-0.5	26.5	110.6111111	938	7.15E+22
344	90	BR-rev	10000	-0.25	26.5	110.6111111	938	4.78E+22
345	90	BR-rev	10000	0	26.5	110.6111111	938	3.45E+22
346	90	BR-rev	10000	0.25	26.5	110.6111111	938	2.70E+22
347	50	BR-rev	25000	2	26.5	140.5	939	2.06E+22
348	50	BR-rev	25000	3	26.5	140.5	939	2.05E+22
349	50	BR-rev	50000	-0.25	26.5	140.5	939	2.67E+22
350	50	BR-rev	50000	0	26.5	140.5	939	2.40E+22
351	50	BR-rev	50000	0.25	26.5	140.5	939	2.25E+22
352	50	BR-rev	50000	0.5	26.5	140.5	939	2.16E+22
353	50	BR-rev	50000	0.75	26.5	140.5	939	2.11E+22
354	50	BR-rev	50000	1	26.5	140.5	939	2.09E+22
355	75	BR-rev	7500	3	26.55555556	127.2777778	939	2.28E+22
356	50	BR-rev	50000	-0.5	26.55555556	140.5	939	3.15E+22
357	50	BR-rev	25000	1.5	26.66666667	140.5	939	2.09E+22
358	50	BR-rev	75000	1.5	26.66666667	140.5	939	2.05E+22
359	50	BR-rev	75000	2	26.66666667	140.5	939	2.05E+22
360	50	BR-rev	75000	3	26.66666667	140.5	939	2.05E+22
361	50	BR-rev	25000	-0.25	26.72222222	140.5	939	3.94E+22
362	50	BR-rev	25000	0	26.72222222	140.5	939	3.11E+22
363	50	BR-rev	25000	0.25	26.72222222	140.5	939	2.65E+22
364	50	BR-rev	25000	0.5	26.72222222	140.5	939	2.39E+22
365	50	BR-rev	25000	0.75	26.72222222	140.5	939	2.24E+22
366	50	BR-rev	25000	1	26.72222222	140.5	939	2.16E+22
367	50	BR-rev	75000	-0.5	26.72222222	140.5	939	2.05E+22
368	50	BR-rev	75000	-0.25	26.72222222	140.5	939	2.05E+22
369	50	BR-rev	75000	0	26.72222222	140.5	939	2.05E+22
370	50	BR-rev	75000	0.25	26.72222222	140.5	939	2.05E+22
371	50	BR-rev	75000	0.5	26.72222222	140.5	939	2.05E+22
372	50	BR-rev	75000	0.75	26.72222222	140.5	939	2.05E+22
373	50	BR-rev	75000	1	26.72222222	140.5	939	2.05E+22
374	50	BR-rev	10000	3	26.77777778	140.2777778	939	2.22E+22
375	50	BR-rev	25000	-0.5	26.77777778	140.5	939	5.40E+22
376	50	BR-rev	1.00E+05	-0.5	26.77777778	140.5	939	2.05E+22
377	50	BR-rev	1.00E+05	-0.25	26.77777778	140.5	939	2.05E+22
378	50	BR-rev	1.00E+05	0	26.77777778	140.5	939	2.05E+22
379	50	BR-rev	1.00E+05	0.25	26.77777778	140.5	939	2.05E+22
380	50	BR-rev	1.00E+05	0.5	26.77777778	140.5	939	2.05E+22
381	50	BR-rev	1.00E+05	0.75	26.77777778	140.5	939	2.05E+22
382	50	BR-rev	1.00E+05	1	26.77777778	140.5	939	2.05E+22
383	50	BR-rev	1.00E+05	1.5	26.77777778	140.5	939	2.05E+22
384	50	BR-rev	1.00E+05	2	26.77777778	140.5	939	2.05E+22
385	50	BR-rev	1.00E+05	3	26.77777778	140.5	939	2.05E+22
386	90	BR-rev	7500	2	26.83333333	110.6111111	938	2.20E+22
387	100	BR-rev	1000	3	26.94444444	17.88888889	0	3.67E+22
388	90	BR-rev	5000	3	27	110.5	938	2.67E+22
389	50	BR-rev	7500	3	27.22222222	140.2777778	939	2.49E+22
390	90	BR-rev	7500	1.5	27.27777778	110.6111111	938	2.23E+22
391	75	BR-rev	10000	2	27.38888889	127.2222222	939	1.87E+22
392	90	BR-rev	7500	1	27.44444444	110.6111111	938	2.33E+22
393	90	BR-rev	7500	0.75	27.5	110.6111111	938	2.44E+22
394	90	BR-rev	7500	-0.5	27.61111111	110.6111111	938	6.62E+22
395	90	BR-rev	7500	-0.25	27.61111111	110.6111111	938	4.68E+22
396	90	BR-rev	7500	0	27.61111111	110.6111111	938	3.59E+22
397	90	BR-rev	7500	0.25	27.61111111	110.6111111	938	2.98E+22
398	90	BR-rev	7500	0.5	27.61111111	110.6111111	938	2.63E+22
399	50	BR-rev	10000	2	27.66666667	140.2777778	939	2.23E+22
400	25	BR-rev	10000	3	27.72222222	147.6666667	939	3.08E+22
401	95	BR-rev	5000	2	27.77777778	98.83333333	938	2.66E+22
402	25	BR-rev	10000	2	27.77777778	147.6666667	939	3.08E+22
403	25	BR-rev	25000	2	27.88888889	147.6666667	939	3.08E+22
404	25	BR-rev	25000	3	27.88888889	147.6666667	939	3.08E+22
405	75	BR-rev	10000	1.5	27.94444444	127.2222222	939	1.90E+22
406	25	BR-rev	25000	1.5	28	147.6666667	939	3.08E+22
407	25	BR-rev	7500	3	28.05555556	147.6666667	939	3.08E+22
408	25	BR-rev	10000	1.5	28.05555556	147.6666667	939	3.10E+22
409	25	BR-rev	25000	-0.5	28.05555556	147.6666667	939	3.63E+22
410	25	BR-rev	25000	-0.25	28.05555556	147.6666667	939	3.39E+22
411	25	BR-rev	25000	0	28.05555556	147.6666667	939	3.25E+22
412	25	BR-rev	25000	0.25	28.05555556	147.6666667	939	3.17E+22
413	25	BR-rev	25000	0.5	28.05555556	147.6666667	939	3.13E+22
414	25	BR-rev	25000	0.75	28.05555556	147.6666667	939	3.11E+22
415	25	BR-rev	25000	1	28.05555556	147.6666667	939	3.09E+22
416	25	BR-rev	50000	-0.5	28.05555556	147.6666667	939	3.08E+22
417	25	BR-rev	50000	-0.25	28.05555556	147.6666667	939	3.08E+22
418	25	BR-rev	50000	0	28.05555556	147.6666667	939	3.08E+22
419	25	BR-rev	50000	0.25	28.05555556	147.6666667	939	3.08E+22
420	25	BR-rev	50000	0.5	28.05555556	147.6666667	939	3.08E+22
421	25	BR-rev	50000	0.75	28.05555556	147.6666667	939	3.08E+22
422	25	BR-rev	50000	1	28.05555556	147.6666667	939	3.08E+22
423	25	BR-rev	50000	1.5	28.05555556	147.6666667	939	3.08E+22
424	25	BR-rev	50000	2	28.05555556	147.6666667	939	3.08E+22
425	25	BR-rev	50000	3	28.05555556	147.6666667	939	3.08E+22
426	25	BR-rev	10000	1	28.11111111	147.6666667	939	3.14E+22
427	95	BR-rev	5000	1.5	28.16666667	98.83333333	938	2.68E+22
428	75	BR-rev	10000	1	28.16666667	127.2222222	939	2.01E+22
429	50	BR-rev	10000	1.5	28.16666667	140.2777778	939	2.26E+22
430	25	BR-rev	10000	0.75	28.16666667	147.6666667	939	3.19E+22
431	75	BR-rev	10000	0.75	28.22222222	127.2222222	939	2.14E+22
432	25	BR-rev	10000	0.25	28.22222222	147.6666667	939	3.42E+22
433	25	BR-rev	10000	0.5	28.22222222	147.6666667	939	3.27E+22
434	25	BR-rev	75000	-0.5	28.22222222	147.6666667	939	3.08E+22
435	25	BR-rev	75000	-0.25	28.22222222	147.6666667	939	3.08E+22
436	25	BR-rev	75000	0	28.22222222	147.6666667	939	3.08E+22
437	25	BR-rev	75000	0.25	28.22222222	147.6666667	939	3.08E+22
438	25	BR-rev	75000	0.5	28.22222222	147.6666667	939	3.08E+22
439	25	BR-rev	75000	0.75	28.22222222	147.6666667	939	3.08E+22
440	25	BR-rev	75000	1	28.22222222	147.6666667	939	3.08E+22
441	25	BR-rev	75000	1.5	28.22222222	147.6666667	939	3.08E+22
442	25	BR-rev	75000	2	28.22222222	147.6666667	939	3.08E+22
443	25	BR-rev	75000	3	28.22222222	147.6666667	939	3.08E+22
444	75	BR-rev	10000	0.5	28.27777778	127.2222222	939	2.36E+22
445	25	BR-rev	10000	-0.5	28.27777778	147.6666667	939	5.02E+22
446	25	BR-rev	10000	-0.25	28.27777778	147.6666667	939	4.17E+22
447	25	BR-rev	10000	0	28.27777778	147.6666667	939	3.69E+22
448	25	BR-rev	1.00E+05	-0.5	28.27777778	147.7222222	939	3.08E+22
449	25	BR-rev	1.00E+05	-0.25	28.27777778	147.7222222	939	3.08E+22
450	25	BR-rev	1.00E+05	0	28.27777778	147.7222222	939	3.08E+22
451	25	BR-rev	1.00E+05	0.25	28.27777778	147.7222222	939	3.08E+22
452	25	BR-rev	1.00E+05	0.5	28.27777778	147.7222222	939	3.08E+22
453	25	BR-rev	1.00E+05	0.75	28.27777778	147.7222222	939	3.08E+22
454	25	BR-rev	1.00E+05	1	28.27777778	147.7222222	939	3.08E+22
455	25	BR-rev	1.00E+05	1.5	28.27777778	147.7222222	939	3.08E+22
456	25	BR-rev	1.00E+05	2	28.27777778	147.7222222	939	3.08E+22
457	25	BR-rev	1.00E+05	3	28.27777778	147.7222222	939	3.08E+22
458	75	BR-rev	5000	3	28.33333333	127.2222222	939	2.74E+22
459	75	BR-rev	10000	-0.5	28.33333333	127.2222222	939	6.95E+22
460	75	BR-rev	10000	-0.25	28.33333333	127.2222222	939	4.72E+22
461	75	BR-rev	10000	0	28.33333333	127.2222222	939	3.47E+22
462	75	BR-rev	10000	0.25	28.33333333	127.2222222	939	2.76E+22
463	50	BR-rev	10000	0.75	28.33333333	140.2777778	939	2.45E+22
464	50	BR-rev	10000	1	28.33333333	140.2777778	939	2.35E+22
465	25	BR-rev	5000	3	28.38888889	147.6111111	939	3.16E+22
466	95	BR-rev	5000	1	28.44444444	98.83333333	938	2.76E+22
467	75	BR-rev	7500	2	28.44444444	127.2777778	939	2.29E+22
468	50	BR-rev	7500	2	28.5	140.2777778	939	2.50E+22
469	50	BR-rev	10000	-0.5	28.5	140.2777778	939	6.36E+22
470	50	BR-rev	10000	-0.25	28.5	140.2777778	939	4.55E+22
471	50	BR-rev	10000	0	28.5	140.2777778	939	3.53E+22
472	50	BR-rev	10000	0.25	28.5	140.2777778	939	2.96E+22
473	50	BR-rev	10000	0.5	28.5	140.2777778	939	2.63E+22
474	95	BR-rev	5000	0.75	28.55555556	98.88888889	938	2.84E+22
475	25	BR-rev	7500	2	28.55555556	147.6666667	939	3.08E+22
476	95	BR-rev	5000	0.5	28.61111111	98.88888889	938	2.99E+22
477	50	BR-rev	5000	3	28.61111111	140.2222222	939	2.89E+22
478	95	BR-rev	5000	-0.25	28.66666667	99.05555556	938	4.57E+22
479	95	BR-rev	5000	0	28.66666667	99	938	3.73E+22
480	95	BR-rev	5000	0.25	28.66666667	98.94444444	938	3.26E+22
481	95	BR-rev	5000	-0.5	28.72222222	99.22222222	938	6.07E+22
482	25	BR-rev	7500	1.5	28.72222222	147.6666667	939	3.10E+22
483	75	BR-rev	7500	1.5	28.83333333	127.2777778	939	2.32E+22
484	25	BR-rev	7500	1	28.88888889	147.6666667	939	3.14E+22
485	25	BR-rev	7500	0.75	28.94444444	147.6666667	939	3.19E+22
486	90	BR-rev	5000	2	29.05555556	110.5555556	938	2.67E+22
487	50	BR-rev	7500	1.5	29.05555556	140.2777778	939	2.53E+22
488	25	BR-rev	7500	0.5	29.05555556	147.6666667	939	3.28E+22
489	0	BR-rev	0	-0.5	29.11111111	152.8888889	939	4.10E+22
490	0	BR-rev	0	-0.25	29.11111111	152.8888889	939	4.10E+22
491	0	BR-rev	0	0	29.11111111	152.8888889	939	4.10E+22
492	0	BR-rev	0	0.25	29.11111111	152.8888889	939	4.10E+22
493	0	BR-rev	0	0.5	29.11111111	152.8888889	939	4.10E+22
494	0	BR-rev	0	0.75	29.11111111	152.8888889	939	4.10E+22
495	0	BR-rev	0	1	29.11111111	152.8888889	939	4.10E+22
496	0	BR-rev	0	1.5	29.11111111	152.8888889	939	4.10E+22
497	0	BR-rev	0	2	29.11111111	152.8888889	939	4.10E+22
498	0	BR-rev	0	3	29.11111111	152.8888889	939	4.10E+22
499	100	BR-rev	0	-0.5	29.11111111	152.8888889	939	4.10E+22
500	100	BR-rev	0	-0.25	29.11111111	152.8888889	939	4.10E+22
501	100	BR-rev	0	0	29.11111111	152.8888889	939	4.10E+22
502	100	BR-rev	0	0.25	29.11111111	152.8888889	939	4.10E+22
503	100	BR-rev	0	0.5	29.11111111	152.8888889	939	4.10E+22
504	100	BR-rev	0	0.75	29.11111111	152.8888889	939	4.10E+22
505	100	BR-rev	0	1	29.11111111	152.8888889	939	4.10E+22
506	100	BR-rev	0	1.5	29.11111111	152.8888889	939	4.10E+22
507	100	BR-rev	0	2	29.11111111	152.8888889	939	4.10E+22
508	100	BR-rev	0	3	29.11111111	152.8888889	939	4.10E+22
509	95	BR-rev	0	-0.5	29.11111111	152.8888889	939	4.10E+22
510	95	BR-rev	0	-0.25	29.11111111	152.8888889	939	4.10E+22
511	95	BR-rev	0	0	29.11111111	152.8888889	939	4.10E+22
512	95	BR-rev	0	0.25	29.11111111	152.8888889	939	4.10E+22
513	95	BR-rev	0	0.5	29.11111111	152.8888889	939	4.10E+22
514	95	BR-rev	0	0.75	29.11111111	152.8888889	939	4.10E+22
515	95	BR-rev	0	1	29.11111111	152.8888889	939	4.10E+22
516	95	BR-rev	0	1.5	29.11111111	152.8888889	939	4.10E+22
517	95	BR-rev	0	2	29.11111111	152.8888889	939	4.10E+22
518	95	BR-rev	0	3	29.11111111	152.8888889	939	4.10E+22
519	90	BR-rev	0	-0.5	29.11111111	152.8888889	939	4.10E+22
520	90	BR-rev	0	-0.25	29.11111111	152.8888889	939	4.10E+22
521	90	BR-rev	0	0	29.11111111	152.8888889	939	4.10E+22
522	90	BR-rev	0	0.25	29.11111111	152.8888889	939	4.10E+22
523	90	BR-rev	0	0.5	29.11111111	152.8888889	939	4.10E+22
524	90	BR-rev	0	0.75	29.11111111	152.8888889	939	4.10E+22
525	90	BR-rev	0	1	29.11111111	152.8888889	939	4.10E+22
526	90	BR-rev	0	1.5	29.11111111	152.8888889	939	4.10E+22
527	90	BR-rev	0	2	29.11111111	152.8888889	939	4.10E+22
528	90	BR-rev	0	3	29.11111111	152.8888889	939	4.10E+22
529	75	BR-rev	0	-0.5	29.11111111	152.8888889	939	4.10E+22
530	75	BR-rev	0	-0.25	29.11111111	152.8888889	939	4.10E+22
531	75	BR-rev	0	0	29.11111111	152.8888889	939	4.10E+22
532	75	BR-rev	0	0.25	29.11111111	152.8888889	939	4.10E+22
533	75	BR-rev	0	0.5	29.11111111	152.8888889	939	4.10E+22
534	75	BR-rev	0	0.75	29.11111111	152.8888889	939	4.10E+22
535	75	BR-rev	0	1	29.11111111	152.8888889	939	4.10E+22
536	75	BR-rev	0	1.5	29.11111111	152.8888889	939	4.10E+22
537	75	BR-rev	0	2	29.11111111	152.8888889	939	4.10E+22
538	75	BR-rev	0	3	29.11111111	152.8888889	939	4.10E+22
539	75	BR-rev	7500	1	29.11111111	127.2777778	939	2.41E+22
540	50	BR-rev	0	-0.5	29.11111111	152.8888889	939	4.10E+22
541	50	BR-rev	0	-0.25	29.11111111	152.8888889	939	4.10E+22
542	50	BR-rev	0	0	29.11111111	152.8888889	939	4.10E+22
543	50	BR-rev	0	0.25	29.11111111	152.8888889	939	4.10E+22
544	50	BR-rev	0	0.5	29.11111111	152.8888889	939	4.10E+22
545	50	BR-rev	0	0.75	29.11111111	152.8888889	939	4.10E+22
546	50	BR-rev	0	1	29.11111111	152.8888889	939	4.10E+22
547	50	BR-rev	0	1.5	29.11111111	152.8888889	939	4.10E+22
548	50	BR-rev	0	2	29.11111111	152.8888889	939	4.10E+22
549	50	BR-rev	0	3	29.11111111	152.8888889	939	4.10E+22
550	25	BR-rev	0	-0.5	29.11111111	152.8888889	939	4.10E+22
551	25	BR-rev	0	-0.25	29.11111111	152.8888889	939	4.10E+22
552	25	BR-rev	0	0	29.11111111	152.8888889	939	4.10E+22
553	25	BR-rev	0	0.25	29.11111111	152.8888889	939	4.10E+22
554	25	BR-rev	0	0.5	29.11111111	152.8888889	939	4.10E+22
555	25	BR-rev	0	0.75	29.11111111	152.8888889	939	4.10E+22
556	25	BR-rev	0	1	29.11111111	152.8888889	939	4.10E+22
557	25	BR-rev	0	1.5	29.11111111	152.8888889	939	4.10E+22
558	25	BR-rev	0	2	29.11111111	152.8888889	939	4.10E+22
559	25	BR-rev	0	3	29.11111111	152.8888889	939	4.10E+22
560	25	BR-rev	7500	0	29.11111111	147.6666667	939	3.71E+22
561	25	BR-rev	7500	0.25	29.11111111	147.6666667	939	3.44E+22
562	75	BR-rev	7500	0.75	29.16666667	127.2777778	939	2.52E+22
563	25	BR-rev	5000	2	29.16666667	147.6111111	939	3.17E+22
564	25	BR-rev	7500	-0.5	29.16666667	147.6666667	939	5.09E+22
565	25	BR-rev	7500	-0.25	29.16666667	147.6666667	939	4.21E+22
566	75	BR-rev	7500	0	29.22222222	127.2777778	939	3.60E+22
567	75	BR-rev	7500	0.25	29.22222222	127.2777778	939	3.02E+22
568	75	BR-rev	7500	0.5	29.22222222	127.2777778	939	2.70E+22
569	50	BR-rev	7500	1	29.22222222	140.2777778	939	2.60E+22
570	75	BR-rev	7500	-0.5	29.27777778	127.2777778	939	6.47E+22
571	75	BR-rev	7500	-0.25	29.27777778	127.2777778	939	4.63E+22
572	50	BR-rev	7500	0.75	29.27777778	140.2777778	939	2.69E+22
573	50	BR-rev	7500	-0.5	29.33333333	140.2777778	939	6.11E+22
574	50	BR-rev	7500	-0.25	29.33333333	140.2777778	939	4.53E+22
575	50	BR-rev	7500	0	29.33333333	140.2777778	939	3.64E+22
576	50	BR-rev	7500	0.25	29.33333333	140.2777778	939	3.13E+22
577	50	BR-rev	7500	0.5	29.33333333	140.2777778	939	2.85E+22
578	95	BR-rev	2500	3	29.44444444	99.11111111	938	3.16E+22
579	90	BR-rev	5000	1.5	29.5	110.5555556	938	2.70E+22
580	25	BR-rev	5000	1.5	29.66666667	147.6111111	939	3.18E+22
581	90	BR-rev	5000	1	29.72222222	110.5555556	938	2.77E+22
582	90	BR-rev	5000	0.75	29.77777778	110.5555556	938	2.85E+22
583	25	BR-rev	2500	3	29.77777778	147.6111111	939	3.50E+22
584	90	BR-rev	5000	0.5	29.83333333	110.6111111	938	3.00E+22
585	90	BR-rev	5000	-0.25	29.88888889	110.7222222	939	4.57E+22
586	90	BR-rev	5000	0	29.88888889	110.6666667	939	3.74E+22
587	90	BR-rev	5000	0.25	29.88888889	110.6111111	939	3.27E+22
588	25	BR-rev	5000	1	29.88888889	147.6111111	939	3.23E+22
589	90	BR-rev	5000	-0.5	29.94444444	110.7777778	939	6.05E+22
590	25	BR-rev	5000	0.5	29.94444444	147.6111111	939	3.37E+22
591	25	BR-rev	5000	0.75	29.94444444	147.6111111	939	3.28E+22
592	25	BR-rev	5000	-0.5	30.16666667	147.6111111	939	5.23E+22
593	25	BR-rev	5000	-0.25	30.16666667	147.6111111	939	4.32E+22
594	25	BR-rev	5000	0	30.16666667	147.6111111	939	3.82E+22
595	25	BR-rev	5000	0.25	30.16666667	147.6111111	939	3.53E+22
596	50	BR-rev	5000	2	30.22222222	140.2222222	939	2.90E+22
597	100	BR-rev	1000	2	30.33333333	29.72222222	65	3.67E+22
598	75	BR-rev	5000	2	30.5	127.2222222	939	2.75E+22
599	50	BR-rev	5000	1.5	30.72222222	140.2222222	939	2.92E+22
600	90	BR-rev	2500	3	31	110.7777778	939	3.16E+22
601	75	BR-rev	5000	1.5	31	127.2222222	939	2.77E+22
602	50	BR-rev	5000	1	31.05555556	140.2222222	939	2.98E+22
603	50	BR-rev	5000	0.75	31.11111111	140.2222222	939	3.04E+22
604	75	BR-rev	5000	1	31.16666667	127.2222222	939	2.84E+22
605	50	BR-rev	5000	-0.25	31.16666667	140.2222222	939	4.46E+22
606	50	BR-rev	5000	0	31.16666667	140.2222222	939	3.77E+22
607	50	BR-rev	5000	0.25	31.16666667	140.2222222	939	3.38E+22
608	50	BR-rev	5000	0.5	31.16666667	140.2222222	939	3.17E+22
609	75	BR-rev	5000	0.75	31.22222222	127.2222222	939	2.92E+22
610	50	BR-rev	2500	3	31.22222222	140.2777778	939	3.37E+22
611	50	BR-rev	5000	-0.5	31.22222222	140.2222222	939	5.68E+22
612	75	BR-rev	5000	0.5	31.27777778	127.2222222	939	3.06E+22
613	75	BR-rev	5000	-0.25	31.33333333	127.2222222	939	4.53E+22
614	75	BR-rev	5000	0	31.33333333	127.2222222	939	3.75E+22
615	75	BR-rev	5000	0.25	31.33333333	127.2222222	939	3.31E+22
616	25	BR-rev	2500	2	31.33333333	147.6111111	939	3.50E+22
617	75	BR-rev	5000	-0.5	31.38888889	127.2222222	939	5.93E+22
618	100	BR-rev	1000	1.5	31.72222222	38.66666667	65	3.68E+22
619	95	BR-rev	2500	2	31.83333333	99.27777778	938	3.16E+22
620	25	BR-rev	2500	1.5	31.94444444	147.6111111	939	3.51E+22
621	75	BR-rev	2500	3	32.16666667	127.3888889	939	3.30E+22
622	25	BR-rev	2500	1	32.16666667	147.6111111	939	3.54E+22
623	100	BR-rev	500	3	32.27777778	40.27777778	334	3.85E+22
624	25	BR-rev	2500	0.75	32.33333333	147.6111111	939	3.57E+22
625	25	BR-rev	2500	-0.5	32.44444444	147.6111111	939	4.89E+22
626	25	BR-rev	2500	-0.25	32.44444444	147.6111111	939	4.28E+22
627	25	BR-rev	2500	0	32.44444444	147.6111111	939	3.94E+22
628	25	BR-rev	2500	0.25	32.44444444	147.6111111	939	3.74E+22
629	25	BR-rev	2500	0.5	32.44444444	147.6111111	939	3.64E+22
630	95	BR-rev	2500	1.5	32.55555556	99.33333333	938	3.18E+22
631	95	BR-rev	2500	1	32.77777778	99.94444444	939	3.22E+22
632	95	BR-rev	2500	0.25	32.88888889	101.5555556	939	3.51E+22
633	95	BR-rev	2500	0.5	32.88888889	100.7222222	939	3.36E+22
634	95	BR-rev	2500	0.75	32.88888889	100.2777778	939	3.27E+22
635	100	BR-rev	1000	1	33	47.44444444	65	3.70E+22
636	95	BR-rev	2500	0	33	102.3888889	939	3.79E+22
637	95	BR-rev	2500	-0.25	33.05555556	102.8333333	939	4.28E+22
638	95	BR-rev	2500	-0.5	33.11111111	103.7222222	939	5.15E+22
639	90	BR-rev	2500	2	33.22222222	110.8333333	939	3.17E+22
640	50	BR-rev	2500	2	33.27777778	140.2777778	939	3.38E+22
641	25	BR-rev	1000	3	33.55555556	147.6666667	939	3.80E+22
642	100	BR-rev	1000	0.75	33.66666667	52.27777778	65	3.73E+22
643	50	BR-rev	2500	1.5	33.72222222	140.2777778	939	3.39E+22
644	90	BR-rev	2500	1.5	33.88888889	110.9444444	939	3.18E+22
645	50	BR-rev	2500	1	33.94444444	140.2777778	939	3.42E+22
646	75	BR-rev	2500	2	34	127.3888889	939	3.31E+22
647	50	BR-rev	2500	0.75	34.05555556	140.2777778	939	3.47E+22
648	100	BR-rev	1000	0.5	34.11111111	56.44444444	65	3.78E+22
649	50	BR-rev	2500	-0.25	34.11111111	140.3333333	939	4.34E+22
650	50	BR-rev	2500	0	34.11111111	140.3333333	939	3.92E+22
651	50	BR-rev	2500	0.25	34.11111111	140.2777778	939	3.68E+22
652	50	BR-rev	2500	0.5	34.11111111	140.2777778	939	3.54E+22
653	90	BR-rev	2500	1	34.16666667	111.1111111	939	3.22E+22
654	50	BR-rev	2500	-0.5	34.16666667	140.3333333	939	5.09E+22
655	90	BR-rev	2500	0.25	34.22222222	112.1111111	939	3.51E+22
656	90	BR-rev	2500	0.5	34.22222222	111.6666667	939	3.36E+22
657	90	BR-rev	2500	0.75	34.22222222	111.1666667	939	3.27E+22
658	90	BR-rev	2500	0	34.33333333	112.6666667	939	3.78E+22
659	100	BR-rev	1000	0.25	34.38888889	61.94444444	65	3.86E+22
660	90	BR-rev	2500	-0.25	34.38888889	112.7777778	939	4.26E+22
661	95	BR-rev	1000	3	34.44444444	101.2222222	939	3.68E+22
662	90	BR-rev	2500	-0.5	34.44444444	113.5	939	5.11E+22
663	75	BR-rev	2500	1.5	34.77777778	127.3888889	939	3.32E+22
664	100	BR-rev	1000	0	34.83333333	66.66666667	65	4.01E+22
665	75	BR-rev	2500	1	35	127.5555556	939	3.36E+22
666	75	BR-rev	2500	0.75	35.05555556	127.6111111	939	3.40E+22
667	75	BR-rev	2500	0.25	35.11111111	127.9444444	939	3.63E+22
668	75	BR-rev	2500	0.5	35.11111111	127.7222222	939	3.49E+22
669	75	BR-rev	2500	-0.25	35.16666667	128.1111111	939	4.34E+22
670	75	BR-rev	2500	0	35.16666667	128.1111111	939	3.89E+22
671	75	BR-rev	2500	-0.5	35.22222222	128.2222222	939	5.15E+22
672	25	BR-rev	1000	2	35.22222222	147.6666667	939	3.80E+22
673	50	BR-rev	1000	3	35.27777778	140.3333333	939	3.75E+22
674	100	BR-rev	1000	-0.25	35.44444444	71.5	65	4.28E+22
675	90	BR-rev	1000	3	35.61111111	112.3888889	939	3.68E+22
676	100	BR-rev	1000	-0.5	35.83333333	76.33333333	65	4.75E+22
677	25	BR-rev	1000	1.5	35.88888889	147.6666667	939	3.80E+22
678	25	BR-rev	500	3	36	147.8888889	939	3.92E+22
679	100	BR-rev	500	2	36.16666667	59.5	409	3.85E+22
680	25	BR-rev	1000	1	36.22222222	147.6666667	939	3.82E+22
681	75	BR-rev	1000	3	36.27777778	128.1666667	939	3.58E+22
682	25	BR-rev	1000	0.75	36.33333333	147.6666667	939	3.84E+22
683	25	BR-rev	1000	0	36.38888889	147.7222222	939	4.02E+22
684	25	BR-rev	1000	0.25	36.38888889	147.6666667	939	3.92E+22
685	25	BR-rev	1000	0.5	36.38888889	147.6666667	939	3.87E+22
686	25	BR-rev	1000	-0.25	36.44444444	147.7777778	939	4.20E+22
687	100	BR-rev	100	3	36.5	115.4444444	794	4.07E+22
688	25	BR-rev	1000	-0.5	36.5	147.7777778	939	4.51E+22
689	95	BR-rev	1000	2	36.66666667	102.0555556	939	3.68E+22
690	50	BR-rev	1000	2	37.38888889	140.5	939	3.75E+22
691	95	BR-rev	1000	1.5	37.44444444	103.2222222	939	3.69E+22
692	90	BR-rev	1000	2	37.72222222	112.9444444	939	3.69E+22
693	100	BR-rev	500	1.5	37.94444444	73.05555556	409	3.85E+22
694	95	BR-rev	1000	1	37.94444444	106.2777778	939	3.71E+22
695	75	BR-rev	1000	2	38.05555556	128.6111111	939	3.59E+22
696	25	BR-rev	500	2	38.11111111	148	939	3.93E+22
697	50	BR-rev	1000	1.5	38.16666667	140.5555556	939	3.75E+22
698	95	BR-rev	1000	0.75	38.22222222	108.4444444	939	3.74E+22
699	95	BR-rev	1000	0.5	38.33333333	110.7777778	939	3.78E+22
700	95	BR-rev	100	3	38.38888889	131.5	939	4.07E+22
701	50	BR-rev	1000	1	38.38888889	140.7222222	939	3.77E+22
702	50	BR-rev	500	3	38.44444444	141.7222222	939	3.89E+22
703	50	BR-rev	1000	0.5	38.44444444	141.0555556	939	3.83E+22
704	50	BR-rev	1000	0.75	38.44444444	140.8333333	939	3.79E+22
705	95	BR-rev	1000	0.25	38.5	115.1111111	939	3.87E+22
706	90	BR-rev	1000	1.5	38.5	113.3333333	939	3.69E+22
707	50	BR-rev	1000	0.25	38.5	141.1666667	939	3.90E+22
708	95	BR-rev	500	3	38.55555556	106.1666667	939	3.85E+22
709	50	BR-rev	1000	0	38.61111111	141.5	939	4.02E+22
710	50	BR-rev	1000	-0.25	38.72222222	142.1111111	939	4.23E+22
711	75	BR-rev	1000	1.5	38.77777778	128.8888889	939	3.60E+22
712	90	BR-rev	1000	1	38.83333333	114.8333333	939	3.72E+22
713	25	BR-rev	500	1.5	38.83333333	148.1111111	939	3.93E+22
714	95	BR-rev	1000	0	38.88888889	118.9444444	939	4.01E+22
715	90	BR-rev	500	3	38.88888889	117.6111111	939	3.86E+22
716	50	BR-rev	1000	-0.5	38.94444444	142.6666667	939	4.61E+22
717	90	BR-rev	1000	0.75	39	116.0555556	939	3.74E+22
718	90	BR-rev	1000	0.5	39.05555556	118.3333333	939	3.79E+22
719	100	BR-rev	100	2	39.11111111	124.1666667	794	4.07E+22
720	75	BR-rev	1000	1	39.11111111	129.6111111	939	3.62E+22
721	25	BR-rev	500	1	39.11111111	148.1111111	939	3.94E+22
722	90	BR-rev	1000	0.25	39.16666667	120.7777778	939	3.87E+22
723	75	BR-rev	1000	0.75	39.16666667	130.4444444	939	3.66E+22
724	75	BR-rev	1000	0.5	39.22222222	131.1666667	939	3.71E+22
725	25	BR-rev	500	0.25	39.22222222	148.3888889	939	4.00E+22
726	25	BR-rev	500	0.5	39.22222222	148.2777778	939	3.97E+22
727	25	BR-rev	500	0.75	39.22222222	148.1666667	939	3.95E+22
728	100	BR-rev	500	1	39.27777778	86.16666667	409	3.87E+22
729	75	BR-rev	500	3	39.27777778	130.8333333	939	3.88E+22
730	75	BR-rev	1000	0.25	39.27777778	131.8333333	939	3.81E+22
731	25	BR-rev	500	-0.25	39.33333333	148.7222222	939	4.17E+22
732	25	BR-rev	500	0	39.33333333	148.5	939	4.06E+22
733	25	BR-rev	500	-0.5	39.38888889	149.0555556	939	4.35E+22
734	90	BR-rev	100	3	39.44444444	135.8888889	939	4.07E+22
735	95	BR-rev	1000	-0.25	39.5	123.1666667	939	4.28E+22
736	75	BR-rev	1000	0	39.5	133.9444444	939	3.99E+22
737	90	BR-rev	1000	0	39.55555556	124.1666667	939	4.01E+22
738	100	BR-rev	100	1.5	39.61111111	129.6666667	794	4.07E+22
739	95	BR-rev	1000	-0.5	39.66666667	127.2222222	939	4.74E+22
740	100	BR-rev	500	0.75	39.72222222	93.83333333	409	3.89E+22
741	75	BR-rev	1000	-0.25	39.94444444	136.1111111	939	4.30E+22
742	90	BR-rev	1000	-0.25	40.05555556	127.6111111	939	4.27E+22
743	75	BR-rev	1000	-0.5	40.05555556	138.1111111	939	4.85E+22
744	100	BR-rev	500	0.5	40.11111111	100.2222222	409	3.91E+22
745	95	BR-rev	100	2	40.22222222	133.1111111	939	4.07E+22
746	90	BR-rev	1000	-0.5	40.22222222	131	939	4.73E+22
747	50	BR-rev	500	2	40.22222222	142.1111111	939	3.89E+22
748	25	BR-rev	100	3	40.22222222	151.5	939	4.03E+22
749	100	BR-rev	100	1	40.33333333	136.0555556	794	4.07E+22
750	95	BR-rev	100	1.5	40.44444444	134.5555556	939	4.07E+22
751	75	BR-rev	100	3	40.44444444	142.8888889	939	4.07E+22
752	100	BR-rev	100	0.75	40.55555556	139.6111111	794	4.07E+22
753	100	BR-rev	100	0.5	40.66666667	145.2222222	794	4.08E+22
754	95	BR-rev	500	2	40.72222222	107.6111111	939	3.86E+22
755	95	BR-rev	100	1	40.83333333	137.8888889	939	4.07E+22
756	90	BR-rev	100	2	40.88888889	136.6666667	939	4.07E+22
757	50	BR-rev	500	1.5	40.88888889	142.3888889	939	3.89E+22
758	90	BR-rev	500	2	41	118.3333333	939	3.86E+22
759	100	BR-rev	100	0.25	41.05555556	150.0555556	794	4.08E+22
760	100	BR-rev	500	0.25	41.05555556	107.7222222	409	3.97E+22
761	95	BR-rev	100	0.75	41.05555556	141.0555556	939	4.07E+22
762	95	BR-rev	100	0.5	41.11111111	145.3888889	939	4.08E+22
763	90	BR-rev	100	1.5	41.11111111	137.9444444	939	4.07E+22
764	50	BR-rev	500	1	41.16666667	142.8333333	939	3.90E+22
765	75	BR-rev	500	2	41.27777778	131.6111111	939	3.88E+22
766	95	BR-rev	100	0.25	41.38888889	149.9444444	939	4.09E+22
767	50	BR-rev	500	0.75	41.38888889	143.2777778	939	3.92E+22
768	100	BR-rev	500	0	41.44444444	116.2777778	409	4.06E+22
769	90	BR-rev	100	1	41.44444444	140.5	939	4.07E+22
770	100	BR-rev	100	0	41.5	155.5	794	4.10E+22
771	90	BR-rev	100	0.75	41.5	143.3333333	939	4.07E+22
772	50	BR-rev	500	0.5	41.5	143.6111111	939	3.94E+22
773	95	BR-rev	500	1.5	41.55555556	109.8333333	939	3.86E+22
774	90	BR-rev	100	0.5	41.55555556	146.5555556	939	4.08E+22
775	90	BR-rev	500	1.5	41.72222222	119.6666667	939	3.86E+22
776	50	BR-rev	500	0.25	41.72222222	144.2222222	939	3.98E+22
777	95	BR-rev	100	0	41.83333333	155	939	4.10E+22
778	90	BR-rev	100	0.25	41.83333333	150.7777778	939	4.09E+22
779	50	BR-rev	500	0	41.83333333	145.2777778	939	4.06E+22
780	50	BR-rev	500	-0.25	41.88888889	146.8888889	939	4.19E+22
781	95	BR-rev	500	1	42	115.1111111	939	3.87E+22
782	75	BR-rev	500	1.5	42	132.2777778	939	3.88E+22
783	50	BR-rev	100	3	42	149.5	939	4.04E+22
784	100	BR-rev	500	-0.25	42.05555556	123.8333333	409	4.23E+22
785	75	BR-rev	100	2	42.05555556	143.7222222	939	4.07E+22
786	90	BR-rev	500	1	42.11111111	122.6111111	939	3.88E+22
787	50	BR-rev	500	-0.5	42.11111111	148.8333333	939	4.43E+22
788	100	BR-rev	100	-0.25	42.16666667	162.2222222	794	4.12E+22
789	95	BR-rev	500	0.75	42.16666667	119.1666667	939	3.89E+22
790	75	BR-rev	500	1	42.16666667	134	939	3.89E+22
791	90	BR-rev	100	0	42.27777778	155.5	939	4.10E+22
792	95	BR-rev	100	-0.25	42.38888889	161.7222222	939	4.12E+22
793	90	BR-rev	500	0.75	42.38888889	125.4444444	939	3.90E+22
794	75	BR-rev	500	0.75	42.38888889	134.7777778	939	3.91E+22
795	25	BR-rev	100	2	42.38888889	152.4444444	939	4.03E+22
796	75	BR-rev	500	0.5	42.5	136.0555556	939	3.94E+22
797	95	BR-rev	500	0.5	42.55555556	124.1666667	939	3.92E+22
798	75	BR-rev	100	1.5	42.55555556	144.2222222	939	4.07E+22
799	100	BR-rev	500	-0.5	42.66666667	132.0555556	409	4.53E+22
800	75	BR-rev	500	0.25	42.66666667	139.2222222	939	3.98E+22
801	90	BR-rev	500	0.5	42.72222222	129.6111111	939	3.92E+22
802	75	BR-rev	100	1	42.77777778	145.7222222	939	4.07E+22
803	90	BR-rev	100	-0.25	42.88888889	162.0555556	939	4.12E+22
804	75	BR-rev	100	0.75	42.88888889	146.8333333	939	4.07E+22
805	75	BR-rev	500	0	42.94444444	143	939	4.07E+22
806	75	BR-rev	100	0.5	43	148.9444444	939	4.08E+22
807	100	BR-rev	100	-0.5	43.05555556	170.5555556	794	4.16E+22
808	75	BR-rev	100	0.25	43.11111111	152.1666667	939	4.08E+22
809	75	BR-rev	500	-0.25	43.11111111	147	939	4.22E+22
810	25	BR-rev	100	1.5	43.11111111	152.6111111	939	4.03E+22
811	95	BR-rev	100	-0.5	43.22222222	169.4444444	939	4.16E+22
812	95	BR-rev	500	0.25	43.27777778	129.8333333	939	3.97E+22
813	90	BR-rev	500	0.25	43.33333333	133.4444444	939	3.97E+22
814	95	BR-rev	500	0	43.55555556	137.3333333	939	4.06E+22
815	90	BR-rev	100	-0.5	43.55555556	169.6111111	939	4.16E+22
816	25	BR-rev	100	1	43.55555556	153.1111111	939	4.04E+22
817	90	BR-rev	500	0	43.61111111	140.1666667	939	4.06E+22
818	75	BR-rev	100	0	43.61111111	156.5	939	4.10E+22
819	75	BR-rev	500	-0.5	43.77777778	151.7222222	939	4.48E+22
820	25	BR-rev	100	0.75	43.77777778	153.3333333	939	4.04E+22
821	95	BR-rev	500	-0.25	44	143.8888889	939	4.23E+22
822	25	BR-rev	100	0.5	44	153.7222222	939	4.05E+22
823	90	BR-rev	500	-0.25	44.05555556	146.3333333	939	4.22E+22
824	75	BR-rev	100	-0.25	44.05555556	162.3888889	939	4.12E+22
825	50	BR-rev	100	2	44.05555556	150.3333333	939	4.04E+22
826	25	BR-rev	100	0.25	44.22222222	154.2777778	939	4.07E+22
827	25	BR-rev	100	0	44.38888889	155.6111111	939	4.09E+22
828	50	BR-rev	100	1.5	44.55555556	150.6111111	939	4.04E+22
829	95	BR-rev	500	-0.5	44.61111111	151.4444444	939	4.52E+22
830	25	BR-rev	100	-0.25	44.61111111	157	939	4.14E+22
831	90	BR-rev	500	-0.5	44.66666667	152.7777778	939	4.51E+22
832	75	BR-rev	100	-0.5	44.72222222	169.3888889	939	4.16E+22
833	25	BR-rev	100	-0.5	44.77777778	159.8333333	939	4.22E+22
834	50	BR-rev	100	1	44.83333333	151.3333333	939	4.04E+22
835	50	BR-rev	100	0.75	45.05555556	151.7222222	939	4.05E+22
836	50	BR-rev	100	0.5	45.22222222	153.0555556	939	4.06E+22
837	50	BR-rev	100	0	45.44444444	157.4444444	939	4.09E+22
838	50	BR-rev	100	0.25	45.44444444	155.0555556	939	4.07E+22
839	50	BR-rev	100	-0.25	45.72222222	161.5555556	939	4.14E+22
840	50	BR-rev	100	-0.5	46.27777778	167.1111111	939	4.21E+22
